((("bind-key" .
   [2 0 0 0 0 0 0 0])
  ("global-anzu-mode" .
   [0 0 0 0 0 0 0 0 0 0 0 0 1 0 0 0])
  ("global-set-key" .
   [0 0 0 0 0 1 0 0 0 0 0 0 0 0])
  ("shiftf" .
   [0 0 0 0 1 0])
  ("exec-path" .
   [1 0 0 0 0 0 0 0 0])
  ("add-to-list" .
   [0 0 0 0 0 0 0 1 0 0 0])
  ("helm-mode" .
   [2 0 0 0 0 0 0 0 0])
  ("rubygems" .
   [1 0 0 0 0 0 0 0])
  ("-vv" .
   [0 0 1])
  ("rdoc" .
   [1 0 0 0])
  ("https" .
   [1 0 0 0 0])
  ("git" .
   [2 0 0])
  ("make" .
   [1 0 0 0])
  ("0-p195" .
   [1 0 0 0 0 0])
  ("tar" .
   [2 0 0])
  ("ftp" .
   [1 0 0])
  ("sqlite-devel" .
   [0 0 1 0 0 0 0 0 0 0 0 0])
  ("openssl-devel" .
   [0 0 0 0 0 0 0 1 0 0 0 0 0])
  ("gcc" .
   [1 0 0])
  ("install" .
   [3 0 0 0 0 0 0])
  ("remove" .
   [1 0 0 0 0 0])
  ("yum" .
   [5 0 0])
  ("Ruby" .
   [2 0 0 2])
  ("ruby" .
   [6 0 0 0])
  ("filecache" .
   [0 0 0 0 0 0 1 0 0])
  ("require" .
   [2 0 0 0 1 0 0])
  ("init-loader" .
   [0 0 0 1 0 0 0 0 0 0 0])
  ("multiple-cursors" .
   [0 0 0 0 0 0 0 0 0 0 0 1 0 0 0 0])
  ("Account" .
   [1 0 0 0 0 0 0])
  ("load" .
   [1 0 0 0])
  ("function" .
   [1 0 0 0 0 0 0 0])
  ("err" .
   [3 0 0])
  ("account" .
   [2 0 0 0 0 0 0])
  ("if" .
   [1 0])
  ("new" .
   [1 0 0])
  ("Error" .
   [1 0 0 0 0])
  ("res" .
   [1 0 0])
  ("send" .
   [1 0 0 0])
  ("in_room" .
   [1 0 0 0 0 0 0])
  ("json" .
   [1 0 0 0])
  ("app" .
   [1 0 0])
  ("get" .
   [1 0 0])
  ("get_status" .
   [0 0 0 0 1 0 0 0 0 0])
  ("data" .
   [2 0 0 0])))
